,Date,Adj Close,daily_return
0,2018-01-02,9.0600004196167,
1,2018-01-03,9.3100004196167,0.027593817706531354
2,2018-01-04,9.359999656677246,0.005370487089903397
3,2018-01-05,9.390000343322754,0.0032052016822570195
4,2018-01-08,9.3100004196167,-0.008519693373913784
5,2018-01-09,9.449999809265137,0.015037527748489765
6,2018-01-10,9.609999656677246,0.016931201126082485
7,2018-01-11,10.300000190734863,0.0718002662547641
8,2018-01-12,11.1899995803833,0.0864077061327646
9,2018-01-16,10.710000038146973,-0.04289540305951345
10,2018-01-17,9.890000343322754,-0.07656393014972329
11,2018-01-18,10.550000190734863,0.06673405707793623
12,2018-01-19,10.65999984741211,0.010426507553416897
13,2018-01-22,10.220000267028807,-0.041275758600514356
14,2018-01-23,10.609999656677246,0.03816040894897377
15,2018-01-24,10.68000030517578,0.006597610816554411
16,2018-01-25,10.670000076293944,-0.0009363509921427315
17,2018-01-26,10.720000267028807,0.004686053456171013
18,2018-01-29,10.489999771118164,-0.021455269606480143
19,2018-01-30,10.0600004196167,-0.040991359474131794
20,2018-01-31,10.239999771118164,0.017892578925789326
21,2018-02-01,10.239999771118164,0.0
22,2018-02-02,9.630000114440918,-0.05957028030388689
23,2018-02-05,9.06999969482422,-0.05815165243632081
24,2018-02-06,9.699999809265137,0.06945977239673162
25,2018-02-07,10.31999969482422,0.06391751523199818
26,2018-02-08,9.81999969482422,-0.048449613835818695
27,2018-02-09,9.68000030517578,-0.01425655743372678
28,2018-02-12,9.920000076293944,0.024793364003288243
29,2018-02-13,10.09000015258789,0.0171371043333155
30,2018-02-14,10.149999618530273,0.005946428645691837
31,2018-02-15,10.220000267028807,0.006896615874816048
32,2018-02-16,10.149999618530273,-0.006849378343400381
33,2018-02-20,10.149999618530273,0.0
34,2018-02-21,10.09000015258789,-0.0059112776549119506
35,2018-02-22,9.989999771118164,-0.009910840431858525
36,2018-02-23,10.140000343322754,0.015015072636763493
37,2018-02-26,10.380000114440918,0.02366861567970302
38,2018-02-27,10.119999885559082,-0.025048191330953595
39,2018-02-28,9.5,-0.0612648115188027
40,2018-03-01,10.739999771118164,0.13052629169664876
41,2018-03-02,11.479999542236328,0.06890128369538329
42,2018-03-05,12.579999923706055,0.09581885238084631
43,2018-03-06,12.420000076293945,-0.01271858890162647
44,2018-03-07,11.9399995803833,-0.03864738268615808
45,2018-03-08,12.039999961853027,0.008375241623460372
46,2018-03-09,12.050000190734865,0.0008305837968041185
47,2018-03-12,11.979999542236328,-0.005809182356059983
48,2018-03-13,12.020000457763672,0.00333897471250455
49,2018-03-14,12.149999618530273,0.010815237588667204
50,2018-03-15,12.859999656677244,0.058436218966141595
51,2018-03-16,12.399999618530273,-0.03576983284817792
52,2018-03-19,12.0600004196167,-0.027419291078484176
53,2018-03-20,12.050000190734865,-0.0008292063460932919
54,2018-03-21,12.0,-0.0041493933563013785
55,2018-03-22,11.649999618530273,-0.029166698455810547
56,2018-03-23,11.43000030517578,-0.01888406185048852
57,2018-03-26,11.56999969482422,0.012248415215268649
58,2018-03-27,11.510000228881836,-0.005185779388501177
59,2018-03-28,11.300000190734865,-0.01824500729548395
60,2018-03-29,11.59000015258789,0.025663713005138034
61,2018-04-02,11.140000343322754,-0.038826557665286865
62,2018-04-03,11.260000228881836,0.010771982213717779
63,2018-04-04,11.25,-0.0008881197760711723
64,2018-04-05,11.270000457763672,0.001777818467882053
65,2018-04-06,11.25,-0.0017746634384467885
66,2018-04-09,11.380000114440918,0.011555565728081696
67,2018-04-10,11.739999771118164,0.031634415910103186
68,2018-04-11,11.770000457763672,0.0025554248066779195
69,2018-04-12,11.989999771118164,0.0186915297194723
70,2018-04-13,11.9399995803833,-0.004170157772254934
71,2018-04-16,11.920000076293945,-0.001675000401357929
72,2018-04-17,11.970000267028807,0.0041946468468820886
73,2018-04-18,11.880000114440918,-0.007518809572276575
74,2018-04-19,11.65999984741211,-0.018518540817300533
75,2018-04-20,11.600000381469727,-0.00514575186342725
76,2018-04-23,11.470000267028807,-0.011206906048777943
77,2018-04-24,11.210000038146973,-0.022667848546544467
78,2018-04-25,11.149999618530273,-0.005352401374890348
79,2018-04-26,10.640000343322754,-0.04573984687496735
80,2018-04-27,10.270000457763672,-0.03477442421242771
81,2018-04-30,10.039999961853027,-0.022395373481875036
82,2018-05-01,10.399999618530273,0.035856539645922725
83,2018-05-02,10.220000267028807,-0.01730763058690421
84,2018-05-03,9.3100004196167,-0.08904107863361788
85,2018-05-04,9.979999542236328,0.07196553087236213
86,2018-05-07,10.050000190734863,0.0070140933576485764
87,2018-05-08,11.029999732971193,0.09751239041167348
88,2018-05-09,12.020000457763672,0.08975528093923169
89,2018-05-10,12.619999885559082,0.04991675581907917
90,2018-05-11,12.039999961853027,-0.04595878993388436
91,2018-05-14,12.220000267028807,0.014950191507149935
92,2018-05-15,12.890000343322756,0.05482815561810561
93,2018-05-16,13.119999885559082,0.017843253383268642
94,2018-05-17,12.619999885559082,-0.03810975642997827
95,2018-05-18,12.670000076293945,0.003961980284332478
96,2018-05-21,12.729999542236328,0.004735553715950136
97,2018-05-22,12.329999923706055,-0.031421809341244056
98,2018-05-23,12.369999885559082,0.003244116958680765
99,2018-05-24,12.220000267028807,-0.012126080834114372
100,2018-05-25,12.020000457763672,-0.016366596145235834
101,2018-05-29,12.109999656677244,0.007487453867395022
102,2018-05-30,12.479999542236328,0.030553253183213114
103,2018-05-31,12.359999656677244,-0.009615375798129322
104,2018-06-01,12.449999809265135,0.007281565945616242
105,2018-06-04,13.06999969482422,0.04979918835803421
106,2018-06-05,14.09000015258789,0.0780413528370314
107,2018-06-06,13.9399995803833,-0.010645888614631338
108,2018-06-07,13.890000343322756,-0.0035867459516214506
109,2018-06-08,13.869999885559082,-0.0014399177299724286
110,2018-06-11,14.359999656677244,0.035328029932309546
111,2018-06-12,14.5,0.009749327762529347
112,2018-06-13,14.4399995803833,-0.004137959973565475
113,2018-06-14,14.470000267028807,0.0020776099388715163
114,2018-06-15,14.289999961853027,-0.012439550922879183
115,2018-06-18,14.550000190734865,0.01819455770300249
116,2018-06-19,14.390000343322756,-0.010996552942589943
117,2018-06-20,14.970000267028807,0.04030576163086619
118,2018-06-21,14.1899995803833,-0.05210425335552238
119,2018-06-22,14.31999969482422,0.009161389590217839
120,2018-06-25,14.010000228881836,-0.02164800785955534
121,2018-06-26,14.039999961853027,0.002141308528271546
122,2018-06-27,13.40999984741211,-0.04487180314477501
123,2018-06-28,13.600000381469727,0.014168570933599467
124,2018-06-29,13.8100004196167,0.015441178842399372
125,2018-07-02,14.09000015258789,0.02027514297345423
126,2018-07-03,13.979999542236328,-0.0078069985209587855
127,2018-07-05,14.420000076293945,0.031473572851579146
128,2018-07-06,14.739999771118164,0.022191379551397494
129,2018-07-09,15.029999732971193,0.01967435321276323
130,2018-07-10,14.720000267028807,-0.02062538066865982
131,2018-07-11,14.899999618530273,0.012228216592131913
132,2018-07-12,15.760000228881836,0.057718163246261334
133,2018-07-13,15.350000381469727,-0.026015218366605253
134,2018-07-16,15.220000267028807,-0.00846906261955882
135,2018-07-17,15.109999656677244,-0.007227372432433987
136,2018-07-18,15.020000457763672,-0.0059562674360353896
137,2018-07-19,15.029999732971193,0.0006657306859370049
138,2018-07-20,15.0,-0.001995990253105817
139,2018-07-23,15.449999809265135,0.02999998728434239
140,2018-07-24,13.710000038146973,-0.11262134579928673
141,2018-07-25,14.0,0.02115244063064381
142,2018-07-26,13.170000076293945,-0.05928570883614681
143,2018-07-27,12.40999984741211,-0.05770692668786237
144,2018-07-30,12.479999542236328,0.005640587887582926
145,2018-07-31,12.170000076293945,-0.02483970170778016
146,2018-08-01,12.729999542236328,0.04601474629677371
147,2018-08-02,13.229999542236328,0.03927729913430644
148,2018-08-03,12.850000381469727,-0.028722537710864415
149,2018-08-06,13.350000381469727,0.03891050468146462
150,2018-08-07,13.56999969482422,0.016479348844053998
151,2018-08-08,17.959999084472656,0.3235076999539537
152,2018-08-09,18.15999984741211,0.01113590050861224
153,2018-08-10,19.8799991607666,0.09471361937261258
154,2018-08-13,17.920000076293945,-0.0985915074051279
155,2018-08-14,19.0,0.06026785262879364
156,2018-08-15,18.8700008392334,-0.006842061092979024
157,2018-08-16,19.21999931335449,0.018547878036835774
158,2018-08-17,19.040000915527344,-0.00936516151184652
159,2018-08-20,20.3700008392334,0.06985293381059798
160,2018-08-21,21.61000061035156,0.0608738203255188
161,2018-08-22,21.020000457763672,-0.027302181208882836
162,2018-08-23,20.700000762939453,-0.015223581724805757
163,2018-08-24,20.90999984741211,0.010144882933948107
164,2018-08-27,20.8799991607666,-0.0014347530781652074
165,2018-08-28,21.09000015258789,0.010057519169631046
166,2018-08-29,21.190000534057614,0.004741601742352497
167,2018-08-30,21.040000915527344,-0.007078792579036652
168,2018-08-31,20.350000381469727,-0.032794700762032836
169,2018-09-04,19.700000762939453,-0.031941012596842455
170,2018-09-05,19.18000030517578,-0.026395961300769155
171,2018-09-06,18.670000076293945,-0.026590209633323703
172,2018-09-07,18.6200008392334,-0.0026780523222403874
173,2018-09-10,18.68000030517578,0.0032223127410371255
174,2018-09-11,18.440000534057614,-0.012847953276085788
175,2018-09-12,18.479999542236328,0.002169143547736896
176,2018-09-13,18.40999984741211,-0.0037878623678661016
177,2018-09-14,18.489999771118164,0.0043454603133687986
178,2018-09-17,18.229999542236328,-0.014061667501368058
179,2018-09-18,19.100000381469727,0.04772357987271092
180,2018-09-19,19.11000061035156,0.0005235721823091399
181,2018-09-20,19.34000015258789,0.012035559125610051
182,2018-09-21,18.850000381469727,-0.02533607896857215
183,2018-09-24,19.190000534057614,0.018037143008342804
184,2018-09-25,19.61000061035156,0.02188640253284757
185,2018-09-26,19.07999992370605,-0.027027061200892377
186,2018-09-27,19.25,0.008909857283737832
187,2018-09-28,18.899999618530273,-0.01818183799842732
188,2018-10-01,18.049999237060547,-0.04497356606485614
189,2018-10-02,17.579999923706055,-0.026038744222741106
190,2018-10-03,18.020000457763672,0.025028471898016935
191,2018-10-04,18.3799991607666,0.019977729958815305
192,2018-10-05,17.969999313354492,-0.02230684799416549
193,2018-10-08,17.850000381469727,-0.006677737143572782
194,2018-10-09,17.770000457763672,-0.004481788347136639
195,2018-10-10,16.729999542236328,-0.05852565496547135
196,2018-10-11,16.510000228881836,-0.013149989203471546
197,2018-10-12,17.329999923706055,0.049666849391664325
198,2018-10-15,17.180000305175778,-0.008655488701133196
199,2018-10-16,17.8799991607666,0.040744985049851135
200,2018-10-17,18.15999984741211,0.015659994395296417
201,2018-10-18,17.180000305175778,-0.0539647329554348
202,2018-10-19,16.610000610351562,-0.033178095733356505
203,2018-10-22,17.0,0.02347979381803178
204,2018-10-23,16.690000534057614,-0.018235262702493316
205,2018-10-24,17.440000534057614,0.044937086638766166
206,2018-10-25,17.139999389648438,-0.017201899955411104
207,2018-10-26,16.459999084472653,-0.03967329809745879
208,2018-10-29,15.630000114440918,-0.05042521362074104
209,2018-10-30,16.959999084472653,0.08509270379357958
210,2018-10-31,12.079999923706055,-0.28773581510593194
211,2018-11-01,11.829999923706055,-0.020695364369116787
212,2018-11-02,12.93000030517578,0.09298397198341823
213,2018-11-05,13.1899995803833,0.02010821879899294
214,2018-11-06,12.850000381469727,-0.025777043952240564
215,2018-11-07,13.529999732971193,0.05291823589998135
216,2018-11-08,13.65999984741211,0.009608286548899114
217,2018-11-09,12.800000190734865,-0.0629575158333674
218,2018-11-12,12.779999732971193,-0.001562535739503268
219,2018-11-13,12.65999984741211,-0.009389662603004223
220,2018-11-14,12.720000267028807,0.004739369695092144
221,2018-11-15,12.859999656677244,0.01100624109351056
222,2018-11-16,13.109999656677244,0.019440124935788283
223,2018-11-19,12.43000030517578,-0.05186875433327143
224,2018-11-20,12.1899995803833,-0.019308183338703877
225,2018-11-21,12.050000190734865,-0.011484773951406013
226,2018-11-23,12.1899995803833,0.011618206425928479
227,2018-11-26,12.600000381469727,0.033634193207538576
228,2018-11-27,12.390000343322756,-0.016666669189614347
229,2018-11-28,12.510000228881836,0.009685220519283666
230,2018-11-29,12.479999542236328,-0.002398136378626514
231,2018-11-30,12.380000114440918,-0.00801277495700059
232,2018-12-03,12.649999618530273,0.021809329692526358
233,2018-12-04,12.050000190734865,-0.04743078623627017
234,2018-12-06,12.18000030517578,0.010788391069144643
235,2018-12-07,11.56999969482422,-0.05008215066237276
236,2018-12-10,11.5,-0.006050103428743792
237,2018-12-11,11.399999618530273,-0.008695685345193604
238,2018-12-12,11.56999969482422,0.014912287893204645
239,2018-12-13,11.109999656677246,-0.03975799915990952
240,2018-12-14,10.630000114440918,-0.04320428056429715
241,2018-12-17,10.43000030517578,-0.01881465730122034
242,2018-12-18,10.399999618530273,-0.0028763840621000014
243,2018-12-19,10.40999984741211,0.0009615605046771059
244,2018-12-20,9.949999809265137,-0.044188284811678136
245,2018-12-21,9.460000038146973,-0.04924620909659627
246,2018-12-24,9.739999771118164,0.029598280321575743
247,2018-12-26,10.06999969482422,0.033880896453878595
248,2018-12-27,10.0,-0.006951310520912801
249,2018-12-28,10.100000381469727,0.0100000381469727
250,2018-12-31,10.170000076293944,0.006930662592116832
251,2019-01-02,10.449999809265137,0.027531930272435945
252,2019-01-03,9.920000076293944,-0.05071767872199262
253,2019-01-04,10.300000190734863,0.03830646285467432
254,2019-01-07,10.84000015258789,0.052427179791586065
255,2019-01-08,10.90999984741211,0.006457536331999636
256,2019-01-09,11.130000114440918,0.02016501100877588
257,2019-01-10,11.149999618530273,0.0017969006184830327
258,2019-01-11,11.170000076293944,0.001793763089501077
259,2019-01-14,11.010000228881836,-0.014324068605126916
260,2019-01-15,11.40999984741211,0.036330573134865096
261,2019-01-16,11.15999984741211,-0.021910605025704855
262,2019-01-17,11.229999542236328,0.006272374173952322
263,2019-01-18,11.329999923706055,0.0089047538331255
264,2019-01-22,10.869999885559082,-0.04060018016279965
265,2019-01-23,10.8100004196167,-0.00551973013560858
266,2019-01-24,11.109999656677246,0.027752009751650375
267,2019-01-25,11.510000228881836,0.03600365297618935
268,2019-01-28,11.539999961853027,0.0026064059404546924
269,2019-01-29,12.270000457763672,0.06325827541800311
270,2019-01-30,12.350000381469727,0.006519960938993652
271,2019-01-31,12.760000228881836,0.033198367186067834
272,2019-02-01,12.5,-0.020376193120540398
273,2019-02-04,12.800000190734865,0.024000015258789142
274,2019-02-05,12.720000267028807,-0.006249993946403687
275,2019-02-06,12.949999809265135,0.018081724638992602
276,2019-02-07,12.520000457763672,-0.03320458361658185
277,2019-02-08,12.729999542236328,0.016773089200842195
278,2019-02-11,12.989999771118164,0.02042421352956003
279,2019-02-12,13.359999656677244,0.028483440498723755
280,2019-02-13,13.390000343322756,0.002245560435363947
281,2019-02-14,13.4399995803833,0.003734072873678329
282,2019-02-15,13.68000030517578,0.017857197342682873
283,2019-02-19,13.81999969482422,0.010233873284013928
284,2019-02-20,14.010000228881836,0.013748229974908988
285,2019-02-21,13.789999961853027,-0.015703088039590085
286,2019-02-22,13.84000015258789,0.0036258296499767084
287,2019-02-25,14.09000015258789,0.018063583615875345
288,2019-02-26,14.170000076293945,0.005677780187345327
289,2019-02-27,14.229999542236328,0.004234260100164811
290,2019-02-28,14.119999885559082,-0.007730123697527458
291,2019-03-01,12.140000343322756,-0.14022659761218037
292,2019-03-04,11.5600004196167,-0.047775939646086396
293,2019-03-05,11.670000076293945,0.009515540889651009
294,2019-03-06,11.329999923706055,-0.029134545875330042
295,2019-03-07,10.899999618530273,-0.037952366113973235
296,2019-03-08,10.93000030517578,0.0027523566693070656
297,2019-03-11,11.15999984741211,0.021042958445977034
298,2019-03-12,11.279999732971193,0.01075267806449931
299,2019-03-13,11.369999885559082,0.00797873712042918
300,2019-03-14,11.239999771118164,-0.011433607365821552
301,2019-03-15,11.25,0.000889700096572188
302,2019-03-18,11.31999969482422,0.0062221950954861605
303,2019-03-19,11.300000190734865,-0.0017667406915655715
304,2019-03-20,11.229999542236328,-0.006194747550175461
305,2019-03-21,11.390000343322756,0.014247623117406238
306,2019-03-22,10.899999618530273,-0.04302025548925803
307,2019-03-25,10.710000038146973,-0.01743115477364754
308,2019-03-26,10.770000457763672,0.0056022800563015895
309,2019-03-27,10.640000343322754,-0.012070576500969987
310,2019-03-28,10.65999984741211,0.0018796525793258745
311,2019-03-29,10.760000228881836,0.009380898958830874
312,2019-04-01,10.949999809265137,0.017657953191609232
313,2019-04-02,10.920000076293944,-0.002739701688926899
314,2019-04-03,11.220000267028807,0.027472544747149774
315,2019-04-04,11.100000381469727,-0.010695176711511545
316,2019-04-05,11.109999656677246,0.0009008355733224338
317,2019-04-08,11.029999732971193,-0.00720071342738271
318,2019-04-09,10.90999984741211,-0.010879409652239325
319,2019-04-10,10.90999984741211,0.0
320,2019-04-11,10.850000381469727,-0.005499492830571828
321,2019-04-12,10.869999885559082,0.0018432722014933844
322,2019-04-15,10.890000343322754,0.0018399685348886585
323,2019-04-16,11.079999923706056,0.017447160183039045
324,2019-04-17,11.0,-0.0072202097704796575
325,2019-04-18,10.890000343322754,-0.009999968788840574
326,2019-04-22,10.81999969482422,-0.006427974866084818
327,2019-04-23,11.109999656677246,0.02680221534495497
328,2019-04-24,11.029999732971193,-0.00720071342738271
329,2019-04-25,10.84000015258789,-0.01722571033391329
330,2019-04-26,10.84000015258789,0.0
331,2019-04-29,10.75,-0.008302596985333421
332,2019-04-30,10.640000343322754,-0.010232526202534564
333,2019-05-01,10.630000114440918,-0.0009398711051838982
334,2019-05-02,10.68000030517578,0.004703686754145453
335,2019-05-03,11.149999618530273,0.04400742508656319
336,2019-05-06,11.050000190734863,-0.008968558853510666
337,2019-05-07,10.59000015258789,-0.041628962009672255
338,2019-05-08,8.600000381469728,-0.18791310126958438
339,2019-05-09,8.399999618530272,-0.02325590163581792
340,2019-05-10,8.710000038146973,0.036904813535091785
341,2019-05-13,8.260000228881836,-0.0516647310326388
342,2019-05-14,8.5,0.02905566155785122
343,2019-05-15,8.710000038146973,0.024705886840820312
344,2019-05-16,8.779999732971191,0.00803670430742165
345,2019-05-17,8.770000457763674,-0.0011388696482492744
346,2019-05-20,8.489999771118164,-0.03192710057359671
347,2019-05-21,8.729999542236326,0.028268525039848447
348,2019-05-22,8.630000114440918,-0.011454688778802846
349,2019-05-23,8.289999961853027,-0.0393974679118434
350,2019-05-24,8.369999885559082,0.00965017178216887
351,2019-05-28,8.149999618530272,-0.026284381127457457
352,2019-05-29,8.119999885559082,-0.0036809490031116665
353,2019-05-30,8.199999809265138,0.009852207491816811
354,2019-05-31,8.090000152587889,-0.013414592589741425
355,2019-06-03,8.189999580383299,0.012360868468392017
356,2019-06-04,8.550000190734862,0.04395612073214705
357,2019-06-05,8.510000228881836,-0.00467835800709937
358,2019-06-06,8.479999542236326,-0.003525344986912149
359,2019-06-07,8.489999771118164,0.001179272337460624
360,2019-06-10,8.359999656677246,-0.015312145812201416
361,2019-06-11,7.849999904632567,-0.061004757534569465
362,2019-06-12,7.96999979019165,0.01528660981107377
363,2019-06-13,8.220000267028809,0.03136768926202782
364,2019-06-14,8.050000190734862,-0.02068127381647822
365,2019-06-17,8.159999847412111,0.013664553300738236
366,2019-06-18,8.350000381469728,0.023284379609133765
367,2019-06-19,8.340000152587889,-0.0011976321467040973
368,2019-06-20,8.460000038146973,0.014388475223450437
369,2019-06-21,8.949999809265137,0.05791959443365324
370,2019-06-24,8.489999771118164,-0.05139665340224653
371,2019-06-25,8.659999847412111,0.020023566652176417
372,2019-06-26,8.8100004196167,0.01732108254590936
373,2019-06-27,8.800000190734863,-0.0011350997055084022
374,2019-06-28,9.100000381469727,0.03409093002642427
375,2019-07-01,9.09000015258789,-0.0010989262046844361
376,2019-07-02,8.920000076293945,-0.0187018782662558
377,2019-07-03,9.020000457763672,0.011210805001615531
378,2019-07-05,8.920000076293945,-0.011086516230013554
379,2019-07-08,8.9399995803833,0.00224209685182708
380,2019-07-09,9.109999656677246,0.019015669381793998
381,2019-07-10,9.079999923706056,-0.003293055334991246
382,2019-07-11,9.050000190734863,-0.0033039353770113467
383,2019-07-12,8.779999732971191,-0.02983430409648946
384,2019-07-15,8.890000343322754,0.012528543701257888
385,2019-07-16,8.859999656677246,-0.0033746552853669565
386,2019-07-17,8.949999809265137,0.01015803115974867
387,2019-07-18,8.770000457763674,-0.020111659814241123
388,2019-07-19,8.739999771118164,-0.0034208306818218626
389,2019-07-22,8.760000228881836,0.0022883819550847395
390,2019-07-23,8.609999656677246,-0.017123352543991444
391,2019-07-24,9.109999656677246,0.058072011607136265
392,2019-07-25,8.75,-0.03951697807292254
393,2019-07-26,9.06999969482422,0.03657139369419671
394,2019-07-29,9.0,-0.00771771743985461
395,2019-07-30,9.18000030517578,0.020000033908419868
396,2019-07-31,9.020000457763672,-0.01742917669859967
397,2019-08-01,8.760000228881836,-0.02882485761495157
398,2019-08-02,8.460000038146973,-0.03424659622105475
399,2019-08-05,8.239999771118164,-0.026004759578818648
400,2019-08-06,8.170000076293945,-0.00849510883114013
401,2019-08-07,8.149999618530272,-0.0024480364231215246
402,2019-08-08,7.0,-0.14110425427696605
403,2019-08-09,7.110000133514402,0.015714304787771693
404,2019-08-12,7.059999942779541,-0.007032375498725374
405,2019-08-13,7.0,-0.008498575533404162
406,2019-08-14,6.769999980926514,-0.03285714558192665
407,2019-08-15,6.550000190734862,-0.03249627633847396
408,2019-08-16,6.829999923706055,0.04274804959048084
409,2019-08-19,6.980000019073486,0.021961946858418013
410,2019-08-20,6.869999885559082,-0.015759331405991284
411,2019-08-21,6.880000114440918,0.001455637416072797
412,2019-08-22,7.0,0.01744184354113676
413,2019-08-23,6.849999904632568,-0.021428585052490234
414,2019-08-26,6.75,-0.01459852642697701
415,2019-08-27,6.619999885559082,-0.019259276213469345
416,2019-08-28,6.690000057220459,0.010574044240404978
417,2019-08-29,6.880000114440918,0.028400606217543034
418,2019-08-30,7.0,0.01744184354113676
419,2019-09-03,6.920000076293945,-0.011428560529436416
420,2019-09-04,7.170000076293945,0.03612716723175091
421,2019-09-05,7.369999885559082,0.027893975890794342
422,2019-09-06,7.440000057220459,0.00949798816123959
423,2019-09-09,7.679999828338622,0.032258033504347194
424,2019-09-10,8.069999694824219,0.05078123375036103
425,2019-09-11,8.420000076293945,0.0433705569647298
426,2019-09-12,8.489999771118164,0.008313502872915546
427,2019-09-13,8.489999771118164,0.0
428,2019-09-16,8.670000076293945,0.021201449944453277
429,2019-09-17,8.649999618530272,-0.0023068578532496886
430,2019-09-18,8.420000076293945,-0.026589543627680068
431,2019-09-19,8.340000152587889,-0.009501178501327034
432,2019-09-20,8.399999618530272,0.007194180437007036
433,2019-09-23,8.449999809265138,0.005952403929229577
434,2019-09-24,8.029999732971191,-0.04970415216263446
435,2019-09-25,8.100000381469728,0.008717391136529473
436,2019-09-26,7.880000114440918,-0.027160525514554612
437,2019-09-27,8.090000152587889,0.026649750646846382
438,2019-09-30,8.149999618530272,0.007416497504414643
439,2019-10-01,7.929999828338622,-0.026993840550795456
440,2019-10-02,7.8400001525878915,-0.011349265788015317
441,2019-10-03,7.9099998474121085,0.00892853232931512
442,2019-10-04,7.860000133514402,-0.006321076468043807
443,2019-10-07,7.760000228881836,-0.012722633961057328
444,2019-10-08,7.539999961853027,-0.028350549038644646
445,2019-10-09,7.699999809265138,0.021220139021431716
446,2019-10-10,7.800000190734862,0.012987062850235098
447,2019-10-11,7.900000095367432,0.012820500280417146
448,2019-10-14,7.960000038146973,0.007594929374080017
449,2019-10-15,8.0,0.005025120811725348
450,2019-10-16,8.140000343322754,0.01750004291534424
451,2019-10-17,8.340000152587889,0.024570000101928224
452,2019-10-18,8.270000457763674,-0.00839324862631985
453,2019-10-21,8.319999694824219,0.006045856625510382
454,2019-10-22,8.539999961853027,0.026442340757015792
455,2019-10-23,8.649999618530272,0.01288052191669764
456,2019-10-24,8.609999656677246,-0.004624273250525501
457,2019-10-25,8.630000114440918,0.0023229336307999393
458,2019-10-28,8.930000305175781,0.03476247818732481
459,2019-10-29,8.760000228881836,-0.01903696198032756
460,2019-10-30,8.75,-0.0011415786096516944
461,2019-10-31,9.489999771118164,0.08457140241350447
462,2019-11-01,9.59000015258789,0.010537448248846948
463,2019-11-04,9.729999542236328,0.014598476269122695
464,2019-11-05,9.699999809265137,-0.003083220388754082
465,2019-11-06,9.649999618530273,-0.005154658940003776
466,2019-11-07,9.630000114440918,-0.002072487552326141
467,2019-11-08,9.420000076293944,-0.021806857284670578
468,2019-11-11,9.359999656677246,-0.006369471245302072
469,2019-11-12,9.399999618530273,0.004273500354724069
470,2019-11-13,9.170000076293944,-0.02446803740107928
471,2019-11-14,8.949999809265137,-0.023991304819892645
472,2019-11-15,8.989999771118164,0.0044692695760304435
473,2019-11-18,8.760000228881836,-0.02558393193459685
474,2019-11-19,8.659999847412111,-0.011415568362660777
475,2019-11-20,8.560000419616701,-0.011547278239882774
476,2019-11-21,8.619999885559082,0.007009283060884108
477,2019-11-22,8.75,0.015081219972949755
478,2019-11-25,9.010000228881836,0.029714311872209853
479,2019-11-26,8.600000381469728,-0.045504976359250326
480,2019-11-27,8.439999580383299,-0.01860474348712593
481,2019-11-29,8.489999771118164,0.0059241935095681875
482,2019-12-02,8.550000190734862,0.00706718742452872
483,2019-12-03,8.329999923706055,-0.02573102480947409
484,2019-12-04,8.359999656677246,0.003601408552936114
485,2019-12-05,8.420000076293945,0.007177083980951515
486,2019-12-06,8.550000190734862,0.015439443380401485
487,2019-12-09,8.600000381469728,0.005847975394088101
488,2019-12-10,8.640000343322754,0.004651158148691881
489,2019-12-11,8.729999542236326,0.01041657353441261
490,2019-12-12,8.920000076293945,0.02176409438951099
491,2019-12-13,8.829999923706055,-0.010089703118621896
492,2019-12-16,8.779999732971191,-0.005662535805988744
493,2019-12-17,8.770000457763674,-0.0011388696482492744
494,2019-12-18,9.390000343322754,0.07069553628246661
495,2019-12-19,9.119999885559082,-0.028754041309026146
496,2019-12-20,8.890000343322754,-0.02521924836868883
497,2019-12-23,8.979999542236328,0.010123644031259538
498,2019-12-24,8.960000038146973,-0.0022271163818317063
499,2019-12-26,8.970000267028809,0.001116096968667435
500,2019-12-27,8.949999809265137,-0.0022297053699305014
501,2019-12-30,8.659999847412111,-0.03240223106516882
502,2019-12-31,8.75,0.010392627502734175
503,2020-01-02,8.699999809265138,-0.005714307512555639
504,2020-01-03,8.560000419616701,-0.016091884220427732
505,2020-01-06,8.609999656677246,0.005841032080554864
506,2020-01-07,8.8100004196167,0.023228893253712135
507,2020-01-08,9.789999961853027,0.11123717316224213
508,2020-01-09,9.770000457763672,-0.002042850272449881
509,2020-01-10,9.989999771118164,0.02251784063936979
510,2020-01-13,11.220000267028807,0.12312317558471486
511,2020-01-14,11.600000381469727,0.03386810208530844
512,2020-01-15,11.899999618530273,0.025862002344394508
513,2020-01-16,11.829999923706055,-0.005882327484718397
514,2020-01-17,11.40999984741211,-0.03550296525803942
515,2020-01-21,11.210000038146973,-0.01752846730409896
516,2020-01-22,11.4399995803833,0.020517354277756805
517,2020-01-23,11.75,0.027097939771629997
518,2020-01-24,11.380000114440918,-0.03148935196247504
519,2020-01-27,11.079999923706056,-0.026362055159750764
520,2020-01-28,11.25,0.015342967280191244
521,2020-01-29,11.270000457763672,0.001777818467882053
522,2020-01-30,11.289999961853027,0.0017745788178364919
523,2020-01-31,10.890000343322754,-0.03542955003381787
524,2020-02-03,11.0,0.01010097825613876
525,2020-02-04,11.710000038146973,0.06454545801336109
526,2020-02-05,12.34000015258789,0.053800180391853525
527,2020-02-06,12.079999923706055,-0.021069710345774206
528,2020-02-07,10.920000076293944,-0.09602647804125419
529,2020-02-10,11.0,0.00732600028819852
530,2020-02-11,11.270000457763672,0.024545496160333746
531,2020-02-12,11.920000076293945,0.05767520781975666
532,2020-02-13,12.130000114440918,0.017617452751918394
533,2020-02-14,11.800000190734865,-0.02720526962841363
534,2020-02-18,12.130000114440918,0.02796609477728329
535,2020-02-19,12.260000228881836,0.010717239341667462
536,2020-02-20,12.40999984741211,0.012234878933925941
537,2020-02-21,11.960000038146973,-0.036261064850776514
538,2020-02-24,11.369999885559082,-0.049331116279770715
539,2020-02-25,10.600000381469727,-0.06772203270356436
540,2020-02-26,10.239999771118164,-0.033962320509053345
541,2020-02-27,9.739999771118164,-0.04882812609139364
542,2020-02-28,9.15999984741211,-0.05954824818640314
543,2020-03-02,9.529999732971193,0.0403930012797562
544,2020-03-03,9.5,-0.003147925898402959
545,2020-03-04,9.8100004196167,0.03263162311754719
546,2020-03-05,9.0,-0.08256884658200125
547,2020-03-06,8.5,-0.05555555555555558
548,2020-03-09,7.800000190734862,-0.08235291873707506
549,2020-03-10,8.170000076293945,0.047435881604026564
550,2020-03-11,7.690000057220459,-0.05875153177369652
551,2020-03-12,6.519999980926514,-0.1521456524821978
552,2020-03-13,6.5,-0.0030674817461688875
553,2020-03-16,5.579999923706055,-0.14153847327599156
554,2020-03-17,6.46999979019165,0.15949818613877098
555,2020-03-18,6.9000000953674325,0.06646063664911561
556,2020-03-19,6.639999866485598,-0.03768119207076459
557,2020-03-20,6.03000020980835,-0.09186742002151693
558,2020-03-23,5.9000000953674325,-0.021558890533612263
559,2020-03-24,6.46999979019165,0.09661011620521331
560,2020-03-25,6.929999828338622,0.071097380689922
561,2020-03-26,7.519999980926514,0.08513710926445084
562,2020-03-27,7.420000076293945,-0.013297859692314451
563,2020-03-30,7.860000133514402,0.05929919847658849
564,2020-03-31,7.710000038146973,-0.019083981274738204
565,2020-04-01,6.619999885559082,-0.14137485696431484
566,2020-04-02,6.300000190734862,-0.04833832331663168
567,2020-04-03,6.010000228881836,-0.04603173858304277
568,2020-04-06,7.050000190734862,0.17304491218738582
569,2020-04-07,6.880000114440918,-0.02411348534676061
570,2020-04-08,7.300000190734862,0.061046521701704215
571,2020-04-09,7.400000095367432,0.01369861671503636
572,2020-04-13,7.440000057220459,0.005405400180747089
573,2020-04-14,7.489999771118164,0.006720391601231279
574,2020-04-15,7.119999885559082,-0.04939918516230413
575,2020-04-16,7.190000057220459,0.009831484941924318
576,2020-04-17,7.449999809265138,0.03616130041384036
577,2020-04-20,7.769999980926514,0.04295304427570734
578,2020-04-21,7.449999809265138,-0.04118406337797942
579,2020-04-22,7.650000095367432,0.026845676674188024
580,2020-04-23,7.769999980926514,0.01568625935465673
581,2020-04-24,8.0,0.02960103212845322
582,2020-04-27,8.199999809265138,0.024999976158142312
583,2020-04-28,8.319999694824219,0.01463413272564873
584,2020-04-29,8.960000038146973,0.07692312100935417
585,2020-04-30,8.489999771118164,-0.052455386721852015
586,2020-05-01,7.769999980926514,-0.084805631284113
587,2020-05-04,8.210000038146973,0.05662806413134547
588,2020-05-05,8.329999923706055,0.014616307551950536
589,2020-05-06,8.720000267028809,0.04681876913502303
590,2020-05-07,7.460000038146973,-0.1444954346671321
591,2020-05-08,7.849999904632567,0.05227880221063219
592,2020-05-11,7.400000095367432,-0.057324817163319164
593,2020-05-12,7.179999828338622,-0.029729765431561916
594,2020-05-13,6.96999979019165,-0.029247916875725588
595,2020-05-14,6.9000000953674325,-0.010042998125010416
596,2020-05-15,7.010000228881836,0.01594204811507982
597,2020-05-18,7.5900001525878915,0.08273893078011652
598,2020-05-19,7.380000114440918,-0.0276679886594432
599,2020-05-20,7.3400001525878915,-0.005420048947527234
600,2020-05-21,7.429999828338622,0.012261535950922164
601,2020-05-22,7.360000133514402,-0.00942122428552905
602,2020-05-26,7.510000228881836,0.0203804473704281
603,2020-05-27,7.849999904632567,0.04527292481871914
604,2020-05-28,7.550000190734862,-0.03821652452768354
605,2020-05-29,7.369999885559082,-0.023841099420987
606,2020-06-01,7.610000133514402,0.03256448462442729
607,2020-06-02,7.860000133514402,0.03285151059314728
608,2020-06-03,8.119999885559082,0.033078848298750296
609,2020-06-04,7.960000038146973,-0.019704414983633067
610,2020-06-05,8.109999656677246,0.018844173091887573
611,2020-06-08,8.25,0.01726268178168011
612,2020-06-09,8.060000419616701,-0.023030252167672627
613,2020-06-10,7.860000133514402,-0.02481392998634735
614,2020-06-11,7.1599998474121085,-0.08905855906001181
615,2020-06-12,7.25,0.012569853981270862
616,2020-06-15,7.579999923706055,0.04551723085600745
617,2020-06-16,7.5900001525878915,0.001319291422492208
618,2020-06-17,7.309999942779541,-0.036890672487388754
619,2020-06-18,7.28000020980835,-0.004103930671138234
620,2020-06-19,7.329999923706055,0.0068680923704287355
621,2020-06-22,7.090000152587892,-0.03274212464068049
622,2020-06-23,7.0,-0.012693956368257875
623,2020-06-24,6.6500000953674325,-0.04999998637608105
624,2020-06-25,6.619999885559082,-0.0045113096809200615
625,2020-06-26,6.449999809265138,-0.025679770276852087
626,2020-06-29,6.820000171661378,0.05736439896707446
627,2020-06-30,6.989999771118164,0.024926626858921885
628,2020-07-01,6.849999904632568,-0.020028593858337218
629,2020-07-02,6.809999942779541,-0.005839410570790848
630,2020-07-06,6.96999979019165,0.023494838290234243
631,2020-07-07,6.619999885559082,-0.05021519586343415
632,2020-07-08,6.690000057220459,0.010574044240404978
633,2020-07-09,6.480000019073486,-0.03139013996275253
634,2020-07-10,6.630000114440918,0.023148162797209215
635,2020-07-13,6.519999980926514,-0.016591271736905555
636,2020-07-14,6.599999904632568,0.01226992698467555
637,2020-07-15,6.849999904632568,0.03787878842612158
638,2020-07-16,6.679999828338622,-0.024817529731493426
639,2020-07-17,6.860000133514402,0.026946154161885172
640,2020-07-20,6.849999904632568,-0.0014577592838486142
641,2020-07-21,6.840000152587892,-0.0014598178370649473
642,2020-07-22,6.800000190734862,-0.005847947508874851
643,2020-07-23,6.800000190734862,0.0
644,2020-07-24,6.590000152587892,-0.03088235768479819
645,2020-07-27,6.800000190734862,0.031866469390672725
646,2020-07-28,6.610000133514402,-0.02794118410163282
647,2020-07-29,6.690000057220459,0.01210286264601379
648,2020-07-30,6.590000152587892,-0.014947668726046914
649,2020-07-31,6.590000152587892,0.0
650,2020-08-03,6.71999979019165,0.019726803428480544
651,2020-08-04,6.840000152587892,0.017857197342683095
652,2020-08-05,7.059999942779541,0.03216371129880935
653,2020-08-06,6.269999980926514,-0.11189801250083331
654,2020-08-07,6.210000038146973,-0.00956936889347082
655,2020-08-10,6.199999809265138,-0.0016103428052182123
656,2020-08-11,6.1500000953674325,-0.008064470231593623
657,2020-08-12,6.019999980926514,-0.021138229662604924
658,2020-08-13,6.099999904632568,0.01328902391354192
659,2020-08-14,5.960000038146973,-0.02295079814333678
660,2020-08-17,5.809999942779541,-0.02516780107505978
661,2020-08-18,5.559999942779541,-0.04302926032050847
662,2020-08-19,5.440000057220459,-0.021582713452168112
663,2020-08-20,5.329999923706055,-0.020220612565693297
664,2020-08-21,5.449999809265137,0.022514050145735043
665,2020-08-24,5.329999923706055,-0.022018328396099962
666,2020-08-25,5.269999980926514,-0.011257025072867521
667,2020-08-26,5.480000019073486,0.03984820472618922
668,2020-08-27,5.309999942779541,-0.031021911624498077
669,2020-08-28,5.4099998474121085,0.01883237395671644
670,2020-08-31,5.489999771118164,0.014787416998601977
671,2020-09-01,5.360000133514403,-0.023679352099004403
672,2020-09-02,5.590000152587892,0.042910450250807086
673,2020-09-03,5.4099998474121085,-0.03220041149595543
674,2020-09-04,5.4099998474121085,0.0
675,2020-09-08,5.199999809265137,-0.0388170136913083
676,2020-09-09,5.400000095367432,0.03846159489197354
677,2020-09-10,5.329999923706055,-0.012962994523172067
678,2020-09-11,5.21999979019165,-0.020637924031698507
679,2020-09-14,5.340000152587892,0.022988576095677615
680,2020-09-15,5.269999980926514,-0.013108646003962221
681,2020-09-16,5.340000152587892,0.013282765069208224
682,2020-09-17,5.210000038146973,-0.024344590023638535
683,2020-09-18,5.320000171661377,0.02111326923397261
684,2020-09-21,5.010000228881836,-0.05827066405577419
685,2020-09-22,4.980000019073486,-0.005988065556445155
686,2020-09-23,4.730000019073486,-0.0502008030205815
687,2020-09-24,4.6599998474121085,-0.014799190566407106
688,2020-09-25,4.650000095367432,-0.0021458696077490957
689,2020-09-28,4.789999961853027,0.0301074975514668
690,2020-09-29,4.920000076293945,0.027139898846810562
691,2020-09-30,4.9099998474121085,-0.002032566814383019
692,2020-10-01,4.880000114440918,-0.0061099254385929
693,2020-10-02,4.869999885559082,-0.002049227181827984
694,2020-10-05,4.989999771118164,0.02464063416406126
695,2020-10-06,5.369999885559082,0.07615233103623309
696,2020-10-07,6.360000133514402,0.18435759200249002
697,2020-10-08,6.389999866485598,0.0047169390473926764
698,2020-10-09,6.690000057220459,0.04694838763742504
699,2020-10-12,6.75,0.00896860123562826
700,2020-10-13,6.630000114440918,-0.017777760823567745
701,2020-10-14,6.539999961853027,-0.013574683413935307
702,2020-10-15,6.670000076293945,0.019877693455533807
703,2020-10-16,6.769999980926514,0.014992489278670584
704,2020-10-19,6.949999809265138,0.026587862458751443
705,2020-10-20,7.139999866485598,0.0273381384798268
706,2020-10-21,7.519999980926514,0.05322130553875715
707,2020-10-22,8.229999542236326,0.09441483552003094
708,2020-10-23,7.6599998474121085,-0.06925877600587727
709,2020-10-26,6.380000114440918,-0.16710179614476517
710,2020-10-27,6.320000171661378,-0.009404379577318878
711,2020-10-28,5.980000019073486,-0.0537974910368576
712,2020-10-29,6.099999904632568,0.020066870430825556
713,2020-10-30,5.690000057220459,-0.06721309079049986
714,2020-11-02,5.75,0.010544805303367655
715,2020-11-03,6.239999771118164,0.08521735149881104
716,2020-11-04,5.9099998474121085,-0.05288460509781745
717,2020-11-05,6.539999961853027,0.10659900688775581
718,2020-11-06,6.239999771118164,-0.04587158906494271
719,2020-11-09,6.869999885559082,0.1009615605046772
720,2020-11-10,7.309999942779541,0.06404658872634772
721,2020-11-11,7.25,-0.008207926573078339
722,2020-11-12,7.369999885559082,0.016551708352976924
723,2020-11-13,7.199999809265138,-0.023066496463188035
724,2020-11-16,7.110000133514402,-0.012499955296515708
725,2020-11-17,7.190000057220459,0.011251747145399005
726,2020-11-18,7.090000152587892,-0.013908192466861369
727,2020-11-19,7.550000190734862,0.06488011681904782
728,2020-11-20,7.420000076293945,-0.017218557769104303
729,2020-11-23,7.679999828338622,0.03504039748939447
730,2020-11-24,8.399999618530272,0.09374997477667968
731,2020-11-25,8.640000343322754,0.02857151615376785
732,2020-11-27,8.579999923706055,-0.006944492735242669
733,2020-11-30,9.149999618530273,0.06643353145602515
734,2020-12-01,9.050000190734863,-0.010928899668246395
735,2020-12-02,9.699999809265137,0.07182316075481676
736,2020-12-03,10.130000114440918,0.04432992924031387
737,2020-12-04,10.460000038146973,0.03257649752990832
738,2020-12-07,10.210000038146973,-0.023900573526602797
739,2020-12-08,10.350000381469727,0.01371208058762785
740,2020-12-09,10.359999656677246,0.0009661135110121677
741,2020-12-10,10.329999923706056,-0.002895727216733479
742,2020-12-11,9.899999618530273,-0.041626360924648775
743,2020-12-14,10.359999656677246,0.04646465210826567
744,2020-12-15,10.65999984741211,0.028957548327861904
745,2020-12-16,10.800000190734863,0.013133240649786826
746,2020-12-17,11.550000190734865,0.06944444321801169
747,2020-12-18,10.859999656677246,-0.05974030499247274
748,2020-12-21,11.029999732971193,0.01565378284237995
749,2020-12-22,11.899999618530273,0.07887578482513025
750,2020-12-23,12.220000267028807,0.026890811660215563
751,2020-12-24,11.550000190734865,-0.05482815561810517
752,2020-12-28,11.220000267028807,-0.02857142149406855
753,2020-12-29,10.149999618530273,-0.09536547442363674
754,2020-12-30,10.6899995803833,0.053201968684528866
755,2020-12-31,10.479999542236328,-0.019644531935467335
756,2021-01-04,10.470000267028807,-0.0009541293553708696
757,2021-01-05,10.890000343322754,0.04011461944433514
758,2021-01-06,11.239999771118164,0.032139524036839395
759,2021-01-07,22.959999084472656,1.0427045864778144
760,2021-01-08,23.53000068664551,0.024825854743101283
761,2021-01-11,27.59000015258789,0.1725456586257832
762,2021-01-12,24.239999771118164,-0.12142081779421454
763,2021-01-13,23.5,-0.030528043651216086
764,2021-01-14,32.009998321533196,0.36212758815034873
765,2021-01-15,28.25,-0.11746324644459094
766,2021-01-19,30.989999771118164,0.09699114234046591
767,2021-01-20,30.71999931335449,-0.008712502735005123
768,2021-01-21,31.3799991607666,0.021484370513159545
769,2021-01-22,34.47999954223633,0.09878905240206493
770,2021-01-25,36.5099983215332,0.05887467535520763
771,2021-01-26,37.18999862670898,0.018625043452130674
772,2021-01-27,42.22999954223633,0.13552033077806414
773,2021-01-28,37.9900016784668,-0.1004025079263593
774,2021-01-29,35.540000915527344,-0.06449067266896558
775,2021-02-01,38.90999984741211,0.09482270244997149
776,2021-02-02,38.86000061035156,-0.0012849971024575524
777,2021-02-03,43.72999954223633,0.12532163806985364
778,2021-02-04,44.400001525878906,0.015321335253970503
779,2021-02-05,47.95000076293945,0.07995493502385131
780,2021-02-08,52.349998474121094,0.09176220315271388
781,2021-02-09,55.349998474121094,0.05730659192823162
782,2021-02-10,51.47999954223633,-0.06991868181702277
783,2021-02-11,49.93999862670898,-0.029914547964668636
784,2021-02-12,47.88000106811523,-0.04124945164680116
785,2021-02-16,47.849998474121094,-0.000626620579048276
786,2021-02-17,45.06999969482422,-0.05809819995710952
787,2021-02-18,41.40999984741211,-0.08120700848002049
788,2021-02-19,43.18999862670898,0.04298475696343451
789,2021-02-22,40.349998474121094,-0.06575596765200198
790,2021-02-23,36.5,-0.09541508351209316
791,2021-02-24,37.43999862670898,0.025753387033122577
792,2021-02-25,35.86999893188477,-0.041933754070818674
793,2021-02-26,35.84000015258789,-0.000836319492338089
794,2021-03-01,38.790000915527344,0.08231028879408209
795,2021-03-02,31.170000076293945,-0.19644239905607142
796,2021-03-03,27.489999771118164,-0.1180622488344032
797,2021-03-04,25.6299991607666,-0.06766099039061235
798,2021-03-05,24.75,-0.03433473232857809
799,2021-03-08,22.8700008392334,-0.07595956205117582
800,2021-03-09,26.01000022888184,0.13729773827825076
801,2021-03-10,26.51000022888184,0.0192233754555986
802,2021-03-11,29.920000076293945,0.12863069852775832
803,2021-03-12,31.13999938964844,0.04077537801616238
804,2021-03-15,32.740001678466804,0.05138093513740527
805,2021-03-16,29.8799991607666,-0.08735498995350499
806,2021-03-17,32.220001220703125,0.07831332415193049
807,2021-03-18,29.85000038146973,-0.07355682028064414
808,2021-03-19,28.76000022888184,-0.03651591754298733
809,2021-03-22,29.01000022888184,0.008692628581725037
810,2021-03-23,26.21999931335449,-0.09617376399568844
811,2021-03-24,24.649999618530273,-0.05987794568799154
812,2021-03-25,26.95000076293945,0.09330633590274728
813,2021-03-26,27.0,0.0018552592076104268
814,2021-03-29,25.10000038146973,-0.07037035624186183
815,2021-03-30,26.10000038146973,0.039840636844701294
816,2021-03-31,27.440000534057607,0.051341001264476605
817,2021-04-01,27.04999923706055,-0.014212874978373202
818,2021-04-05,27.09000015258789,0.0014787769558430863
819,2021-04-06,26.270000457763672,-0.03026946069418479
820,2021-04-07,24.420000076293945,-0.0704225485052471
821,2021-04-08,24.06999969482422,-0.014332529908936964
822,2021-04-09,23.899999618530273,-0.007062736952609949
823,2021-04-12,22.15999984741211,-0.07280333886570856
824,2021-04-13,22.96999931335449,0.0365523227220137
825,2021-04-14,22.95000076293945,-0.0008706378325145092
826,2021-04-15,21.030000686645508,-0.08366013126214933
827,2021-04-16,21.32999992370605,0.01426529849098146
828,2021-04-19,18.940000534057614,-0.11204872940445743
829,2021-04-20,19.350000381469727,0.021647298619388078
830,2021-04-21,21.65999984741211,0.11937981500788619
831,2021-04-22,21.57999992370605,-0.003693440640333945
832,2021-04-23,22.18000030517578,0.027803539554725365
833,2021-04-26,23.149999618530273,0.043733061316872046
834,2021-04-27,22.959999084472656,-0.008207366617212886
835,2021-04-28,22.82999992370605,-0.0056619845797172275
836,2021-04-29,21.989999771118164,-0.036793699316470585
837,2021-04-30,21.540000915527344,-0.02046379537401599
838,2021-05-03,20.450000762939453,-0.05060353325250566
839,2021-05-04,19.530000686645508,-0.04498777711349611
840,2021-05-05,19.030000686645508,-0.025601637604749095
841,2021-05-06,18.420000076293945,-0.0320546814682795
842,2021-05-07,19.209999084472656,0.04288811101555967
843,2021-05-10,17.770000457763672,-0.07496088991867411
844,2021-05-11,24.03000068664551,0.3522791259212861
845,2021-05-12,21.020000457763672,-0.12526009749781752
846,2021-05-13,20.1200008392334,-0.04281634628594222
847,2021-05-14,22.32999992370605,0.10984090418938863
848,2021-05-17,22.709999084472656,0.017017427768245996
849,2021-05-18,24.96999931335449,0.0995156459705473
850,2021-05-19,24.709999084472656,-0.010412504446597137
851,2021-05-20,24.95000076293945,0.00971273522294891
852,2021-05-21,27.13999938964844,0.08777549337641699
853,2021-05-24,27.90999984741211,0.02837142502137846
854,2021-05-25,26.96999931335449,-0.033679704019947576
855,2021-05-26,29.3700008392334,0.08898782302491659
856,2021-05-27,30.88999938964844,0.051753439120933775
857,2021-05-28,29.40999984741211,-0.04791193174099884
858,2021-06-01,29.04999923706055,-0.012240755260773506
859,2021-06-02,32.34000015258789,0.11325304653812585
860,2021-06-03,30.239999771118164,-0.06493507642428631
861,2021-06-04,30.0,-0.007936500427734305
862,2021-06-07,31.36000061035156,0.04533335367838531
863,2021-06-08,31.13999938964844,-0.007015344911393218
864,2021-06-09,29.86000061035156,-0.04110465010870812
865,2021-06-10,29.29999923706055,-0.018754231809924082
866,2021-06-11,29.82999992370605,0.01808876110737656
867,2021-06-14,29.35000038146973,-0.016091168067850492
868,2021-06-15,27.86000061035156,-0.05076660142256384
869,2021-06-16,28.0,0.005025103610242665
870,2021-06-17,29.020000457763672,0.03642858777727409
871,2021-06-18,27.95000076293945,-0.03687111226553985
872,2021-06-21,28.8799991607666,0.033273644810067005
873,2021-06-22,36.86999893188477,0.2766620499758381
874,2021-06-23,38.040000915527344,0.031733171075054356
875,2021-06-24,38.11999893188477,0.002102997224818104
876,2021-06-25,39.29999923706055,0.030954888201446984
877,2021-06-28,40.060001373291016,0.019338477124289044
878,2021-06-29,38.400001525878906,-0.04143783800563905
879,2021-06-30,39.97000122070313,0.04088540709474087
880,2021-07-01,38.5,-0.036777612604668164
881,2021-07-02,36.11000061035156,-0.062077906224634716
882,2021-07-06,36.0,-0.0030462644279222184
883,2021-07-07,34.049999237060554,-0.05416668785942902
884,2021-07-08,34.220001220703125,0.004992716224719862
885,2021-07-09,34.40999984741211,0.005552268262165816
886,2021-07-12,31.10000038146973,-0.09619295206684852
887,2021-07-13,29.459999084472656,-0.05273316002832695
888,2021-07-14,28.649999618530273,-0.027494891076534578
889,2021-07-15,27.270000457763672,-0.048167510615743425
890,2021-07-16,25.29999923706055,-0.07224060094000728
891,2021-07-19,25.899999618530273,0.023715430812773164
892,2021-07-20,26.63999938964844,0.028571420155108163
893,2021-07-21,27.57999992370605,0.03528530614091796
894,2021-07-22,25.989999771118164,-0.05765047704808812
895,2021-07-23,25.81999969482422,-0.00654098029207606
896,2021-07-26,24.81999969482422,-0.03872966738262418
897,2021-07-27,24.940000534057607,0.0048348445088179925
898,2021-07-28,26.729999542236328,0.07177221210297624
899,2021-07-29,27.770000457763672,0.03890762938039072
900,2021-07-30,27.540000915527344,-0.008282302428699762
901,2021-08-02,27.51000022888184,-0.0010893495151842458
902,2021-08-03,26.60000038146973,-0.033078874585276474
903,2021-08-04,26.290000915527344,-0.011654115093860717
904,2021-08-05,28.06999969482422,0.06770630343514283
905,2021-08-06,27.65999984741211,-0.014606336012454868
906,2021-08-09,28.35000038146973,0.024945789510630645
907,2021-08-10,34.439998626708984,0.21481475002800465
908,2021-08-11,33.84000015258789,-0.017421559176712065
909,2021-08-12,33.27000045776367,-0.016843962537057777
910,2021-08-13,30.13999938964844,-0.09407878043430662
911,2021-08-16,28.76000022888184,-0.04578630354055557
912,2021-08-17,27.60000038146973,-0.04033379131364523
913,2021-08-18,28.1200008392334,0.01884059603538235
914,2021-08-19,27.229999542236328,-0.03165011630281778
915,2021-08-20,27.88999938964844,0.024237967627887436
916,2021-08-23,29.209999084472656,0.047328781775238804
917,2021-08-24,30.209999084472656,0.03423485215141886
918,2021-08-25,29.649999618530273,-0.018536891192102445
919,2021-08-26,28.709999084472656,-0.03170322246716484
920,2021-08-27,29.989999771118164,0.044583794060020665
921,2021-08-30,30.1299991607666,0.004668202424705115
922,2021-08-31,30.440000534057607,0.010288794620833208
923,2021-09-01,31.85000038146973,0.04632062492359523
924,2021-09-02,32.439998626708984,0.018524277493651597
925,2021-09-03,31.96999931335449,-0.014488265513289189
926,2021-09-07,32.779998779296875,0.025336236576146476
927,2021-09-08,31.059999465942386,-0.05247099992086646
928,2021-09-09,32.040000915527344,0.03155188237074946
929,2021-09-10,30.90999984741211,-0.035268446811048904
930,2021-09-13,30.46999931335449,-0.014234892792937326
931,2021-09-14,29.8799991607666,-0.019363313616134525
932,2021-09-15,30.10000038146973,0.007362825531534778
933,2021-09-16,30.6299991607666,0.017607932643853186
934,2021-09-17,30.0,-0.020568043683577897
935,2021-09-20,27.90999984741211,-0.06966667175292973
936,2021-09-21,28.35000038146973,0.01576497801731147
937,2021-09-22,29.0,0.022927675830125338
938,2021-09-23,29.489999771118164,0.016896543831660837
939,2021-09-24,29.149999618530273,-0.011529337240649307
940,2021-09-27,29.790000915527344,0.02195544786869319
941,2021-09-28,28.53000068664551,-0.042296078890856514
942,2021-09-29,27.770000457763672,-0.02663863338908312
943,2021-09-30,27.56999969482422,-0.007202043919431689
944,2021-10-01,27.670000076293945,0.003627144815982808
945,2021-10-04,26.09000015258789,-0.057101551114909777
946,2021-10-05,26.270000457763672,0.006899206750595965
947,2021-10-06,25.78000068664551,-0.01865244623447837
948,2021-10-07,26.790000915527344,0.03917766493330732
949,2021-10-08,26.60000038146973,-0.007092218274150519
950,2021-10-11,26.20000076293945,-0.015037579428342052
951,2021-10-12,26.6200008392334,0.016030536796321382
952,2021-10-13,27.01000022888184,0.014650615227391306
953,2021-10-14,27.31999969482422,0.011477210785466596
954,2021-10-15,26.10000038146973,-0.044655905087203074
955,2021-10-18,26.85000038146973,0.02873563176391669
956,2021-10-19,28.440000534057607,0.05921788193661248
957,2021-10-20,28.13999938964844,-0.010548563248088061
958,2021-10-21,27.979999542236328,-0.005685851132995023
959,2021-10-22,26.78000068664551,-0.042887736784248176
960,2021-10-25,28.709999084472656,0.07206864631596455
961,2021-10-26,28.709999084472656,0.0
962,2021-10-27,27.04999923706055,-0.057819571589951435
963,2021-10-28,27.899999618530273,0.03142330519200742
964,2021-10-29,28.15999984741211,0.009319004746837
965,2021-11-01,31.61000061035156,0.12251423230233094
966,2021-11-02,31.32999992370605,-0.008857977894306424
967,2021-11-03,31.3799991607666,0.0015958901111492452
968,2021-11-04,31.809999465942386,0.013703005630204101
969,2021-11-05,32.34000015258789,0.016661449089710123
970,2021-11-08,33.880001068115234,0.047619075703811076
971,2021-11-09,29.01000022888184,-0.14374264125441827
972,2021-11-10,28.040000915527344,-0.03343672201659553
973,2021-11-11,25.209999084472656,-0.1009273087964685
974,2021-11-12,25.649999618530273,0.0174534133294999
975,2021-11-15,26.040000915527344,0.015204729153887486
976,2021-11-16,25.8799991607666,-0.006144460412262687
977,2021-11-17,25.61000061035156,-0.010432710941673973
978,2021-11-18,24.520000457763672,-0.04256150435807915
979,2021-11-19,24.29999923706055,-0.008972317153177811
980,2021-11-22,23.059999465942386,-0.05102879876749167
981,2021-11-23,22.96999931335449,-0.003902868806255566
982,2021-11-24,23.540000915527344,0.02481504654819311
983,2021-11-26,22.65999984741211,-0.037383221490648766
984,2021-11-29,22.790000915527344,0.005737028640363517
985,2021-11-30,22.78000068664551,-0.000438798967972831
986,2021-12-01,21.32999992370605,-0.06365235817527892
987,2021-12-02,22.07999992370605,0.035161744148271445
988,2021-12-03,21.229999542236328,-0.038496394221320895
989,2021-12-06,21.649999618530273,0.019783329503063385
990,2021-12-07,22.75,0.050808332602843675
991,2021-12-08,23.54999923706055,0.035164801629035125
992,2021-12-09,22.6299991607666,-0.03906582191502361
993,2021-12-10,22.21999931335449,-0.01811753701356411
994,2021-12-13,21.32999992370605,-0.04005397916972653
995,2021-12-14,21.040000915527344,-0.013595827905109603
996,2021-12-15,21.420000076293945,0.01806079582849085
997,2021-12-16,20.770000457763672,-0.030345453604813222
998,2021-12-17,21.82999992370605,0.05103512000868338
999,2021-12-20,21.34000015258789,-0.0224461645822569
1000,2021-12-21,22.309999465942386,0.04545451295307812
1001,2021-12-22,21.950000762939453,-0.016136204017059397
1002,2021-12-23,22.020000457763672,0.003189052045155627
1003,2021-12-27,22.0,-0.0009082859831013312
1004,2021-12-28,21.309999465942386,-0.03136366063898244
1005,2021-12-29,21.18000030517578,-0.006100383107675356
1006,2021-12-30,21.76000022888184,0.027384320838008902
1007,2021-12-31,21.540000915527344,-0.01011026245590263
1008,2022-01-03,22.1200008392334,0.026926643410119633
1009,2022-01-04,21.81999969482422,-0.0135624382019498
1010,2022-01-05,20.309999465942386,-0.06920257791021
1011,2022-01-06,19.790000915527344,-0.02560308045733939
1012,2022-01-07,19.82999992370605,0.00202117262901802
1013,2022-01-10,19.65999984741211,-0.008572873270196624
1014,2022-01-11,20.239999771118164,0.029501522289299587
1015,2022-01-12,20.18000030517578,-0.0029644005247470018
1016,2022-01-13,19.57999992370605,-0.029732426778796506
1017,2022-01-14,19.8799991607666,0.015321717989249528
1018,2022-01-18,18.920000076293945,-0.048289694416447704
1019,2022-01-19,18.540000915527344,-0.020084522158259732
1020,2022-01-20,18.399999618530273,-0.007551310144748635
1021,2022-01-21,16.870000839233402,-0.08315210929439587
1022,2022-01-24,16.850000381469727,-0.0011855635310439316
1023,2022-01-25,16.770000457763672,-0.004747769845396044
1024,2022-01-26,16.389999389648438,-0.022659574105098668
